<?xml version="1.0"?>
<opencv_storage>
<CameraMatrix type_id="opencv-matrix">
  <rows>3</rows>
  <cols>3</cols>
  <dt>d</dt>
  <data>
    3.6491925144512879e+02 0. 2.5916867978549374e+02 0.
    3.6474001364133403e+02 2.0460466233815970e+02 0. 0. 1.</data></CameraMatrix>
<DistortionCoefficients type_id="opencv-matrix">
  <rows>1</rows>
  <cols>5</cols>
  <dt>d</dt>
  <data>
    1.2969468536198178e-01 -3.2082078673816306e-01
    -2.9394468987857347e-03 -5.7622352575487925e-04
    1.1501353065652196e-01</data></DistortionCoefficients>
</opencv_storage>
