<?xml version="1.0"?>
<opencv_storage>
<CameraMatrix type_id="opencv-matrix">
  <rows>3</rows>
  <cols>3</cols>
  <dt>d</dt>
  <data>
    1.0002289363279951e+03 0. 9.6900373317551941e+02 0.
    1.0036164218974438e+03 5.4830564708941768e+02 0. 0. 1.</data></CameraMatrix>
<DistortionCoefficients type_id="opencv-matrix">
  <rows>1</rows>
  <cols>5</cols>
  <dt>d</dt>
  <data>
    1.5286615359445825e-02 -5.4604809813102263e-02
    -3.8033430140237126e-03 -1.9273338078429317e-03
    1.7794143886085488e-02</data></DistortionCoefficients>
</opencv_storage>
